0,273
0,270
24,1
24,3
10,126
9,5
3,2
3,1
3,3
10,145
10,216
10,250
10,211
10,88
10,89
10,144
10,1
10,231
10,2
10,3
11,14
11,26
11,6
11,20
11,19
11,9
11,1
11,13
11,2
11,3
9,7
9,4
9,1
9,6
9,2
9,3
8,14
8,7
8,5
8,18
8,10
8,16
8,1
8,4
8,2
8,3
12,2
12,1
12,3
20,2
20,1
20,3
19,2
19,1
19,3
76,4
76,3
76,2
76,1
76,0
75,5
75,4
75,3
75,2
75,1
75,0
73,4
73,3
73,2
73,1
73,0
72,5
72,4
72,3
72,2
72,1
72,0
70,5
70,4
70,3
70,2
70,1
70,0
68,5
68,4
68,3
68,2
68,1
68,0
66,3
66,2
66,1
66,0
65,4
65,3
65,2
65,1
65,0
64,4
64,3
18,1
64,2
64,1
18,3
64,0
63,4
63,3
63,2
63,1
63,0
14,3
53,3
53,2
13,1
53,1
53,0
52,5
52,4
13,3
52,3
52,2
52,1
52,0
50,4
